456
551
570
557
557
523
461
633
638
530
557
634
677
457
638
573
589
194
690
644
507
627
684
327
696
638
570
581
587
726
610
342
1218
726
1127
1373
1570
1234
1449
543
1236
1127
958
827
581
476
1743
327
1748
1565
970
644
800
1689
575
1237
1686
804
809
1715
1130
1659
1715
581
644
592
899
1973
1672
1818
1641
813
1846
2047
687
1881
1783
644
729
2198
543
584
662
2199
502
1905
1857
633
1688
1748
2002
1774
2090
551
1783
2203
1766
804
1806
1724
634
813
1734
729
2429
1766
1846
1778
1846
2238
1048
633
1905
592
899
1836
1250
690
1803
501
1675
665
2333
2089
573
584
960
1380
1988
2047
2410
2213
1989
970
679
678
2822
457
2654
1989
1783
2442
729
1207
507
1581
2635
1831
1242
638
2814
1736
1736
2000
633
809
1656
2635
2443
1835
305
1214
2819
2938
927
1761
2231
1857
2046
2333
2814
1540
809
2884
960
1888
530
530
2755
1829
2702
342
1862
1281
809
2795
2806
2715
1620
2702
301
3082
621
2951
2686
2876
1581
2293
2822
610
1724
3290
1789
557
2693
2864
1862
1130
1689
2965
2442
2702
3204
2693
2082
2771
2704
2721
2803
2234
2972
1774
811
551
1214
2838
3368
1198
1236
2653
2634
1859
1725
2047
3103
2014
3228
501
2002
2357
3334
1832
649
2218
2202
3356
3414
3333
1198
2819
2302
3053
1242
2716
1832
3249
3356
2674
1673
1796
1421
1673
1639
3191
2363
3237
2973
2417
1971
978
665
2794
2854
2840
2114
1218
3268
2440
2674
1665
1844
958
2235
2557
1820
3204
2515
2095
2234
2350
551
2000
1491
491
2854
3363
2669
2177
1565
3435
2363
2014
327
1237
2096
2896
1975
3484
3847
2143
3752
1827
570
3319
3732
1784
1656
2830
523
558
2354
3686
583
3216
2442
2715
960
2840
2751
2333
3391
3809
2056
2933
1748
3856
1693
3348
3187
1083
1132
2357
3968
3806
2931
2803
2817
1278
1819
3482
1688
1647
2235
3362
2702
575
3758
1975
2966
662
3295
3216
2412
899
2160
2205
2789
1712
1255
4033
2937
1818
2884
2004
1989
2730
1734
3740
1693
1214
3319
2681
2819
3731
958
1405
2635
4103
3903
3367
1592
4024
1251
667
2063
2461
194
3829
3160
2123
3919
4100
4035
4100
779
3927
3686
3763
3747
3446
1828
1592
3712
3689
3700
2408
3885
1844
1405
3096
2899
3847
2004
4188
4075
4237
2291
1835
3687
3939
4063
4023
696
564
1673
3847
2221
1782
342
1724
2288
3732
2806
4237
3689
4040
4267
2969
3268
610
3482
4041
3757
3798
2864
3343
4257
2235
2743
2998
3658
2704
2705
558
1738
4157
3783
3332
3018
3359
2965
729
2720
1380
1992
1774
3935
3491
4220
1748
2979
3039
4027
3918
3381
2588
4141
3849
4534
4054
1491
1972
1281
1749
3947
1218
1715
3335
2906
2082
2640
2602
3771
3166
4166
1914
4369
3842
2724
4113
1476
3844
2821
4429
1992
665
2440
4345
2771
4627
4320
301
1973
3359
4416
2965
4021
3962
1301
501
2557
2778
3914
4152
4460
1491
1281
3335
3466
3228
4045
3909
4659
3682
1838
4574
3466
3460
4641
1198
4947
367
4031
4327
4103
3182
1978
3974
3348
3898
4042
4304
1580
4431
2224
2357
4041
4045
2969
456
2743
2823
2899
4674
4108
2157
5034
3947
4183
2000
3774
1207
4081
1249
3887
3994
860
2354
507
2790
3783
5201
3288
2391
4148
3337
2998
2980
3884
3970
4731
305
4928
4327
4679
3096
3238
5103
5241
3965
4178
3682
3817
3824
3313
2157
3053
4564
1774
4283
2892
5655
970
4054
3239
5705
3431
4033
3210
3417
5004
3758
3984
3462
1580
3950
4460
5627
2373
3644
564
3699
4220
3935
2876
5639
3859
2444
5285
5147
4020
2874
2659
3940
2170
2730
2014
3847
523
3805
3809
507
690
2755
4112
3180
4802
3650
5101
2642
570
4485
3831
2361
3649
3387
1828
1255
5974
3456
3358
4734
1836
2429
1990
5076
502
3979
4013
3168
4149
4188
3819
4795
3138
4509
2716
5087
3169
1972
3314
5104
3782
2877
5751
3856
3319
5435
3238
4762
3869
3098
3399
4455
4506
1221
3728
1830
3326
3419
4316
5514
3795
3845
5070
4750
3786
4893
5805
1693
1668
589
3824
6242
6045
6268
6014
4268
3785
1926
1804
3209
543
2367
5765
4225
2515
3473
3201
4121
6132
6275
5131
4557
3841
367
4391
3386
5697
3383
5226
3919
4002
3896
3881
3214
3381
5937
4118
4575
1237
3108
5073
3184
3053
696
1682
2968
6342
3922
5824
3885
1989
2347
1738
2969
3979
4685
3929
2969
5664
2186
3440
573
2274
4759
2088
1255
6078
4885
4097
1236
4750
3260
305
2774
679
4683
5075
476
3692
4359
2508
5070
6377
3371
5054
5434
2302
3950
4188
3881
476
4442
6224
2639
3401
2222
4566
3949
5974
4422
3888
2915
6476
6117
6472
2712
6141
4687
2203
5154
6860
2829
6221
1207
6627
3940
2221
6882
6556
6151
3396
5630
627
4901
6227
3699
3977
2828
2177
3681
5309
4758
4966
5820
5017
4865
2894
4663
4098
4148
827
6512
1686
4033
6272
4287
5805
2677
4872
3193
4966
5023
4732
5034
6627
4449
5252
6298
3754
3115
4388
7071
4097
4056
3985
3809
1881
3646
6273
2143
4141
6581
3919
3849
4971
4737
6230
4674
3374
6032
6578
2386
1994
587
5074
4659
4689
2998
2970
2832
2302
6229
4535
4444
7284
7223
726
4005
2097
6841
5991
2677
4288
3354
6738
978
1242
4295
2979
3312
6776
6319
1373
7093
1570
6147
6217
4225
4543
3209
3749
3965
4040
6332
4361
2669
3795
4368
3748
3138
5892
4958
3474
6612
7384
6266
3914
1973
5400
3908
3790
4224
6081
7304
7134
1766
3856
3467
4162
1838
3366
5315
3343
2302
4724
2222
5282
6781
4934
476
2089
4164
6541
573
6034
1767
4000
6081
1833
5367
6335
2160
3184
3896
5664
1827
2615
6857
1130
2838
5683
6199
6487
4283
3891
1687
4734
2613
1914
7018
2854
7075
6392
6637
1688
3401
6505
3724
2884
7645
4119
5152
3703
2083
4498
1767
5022
6377
7578
1678
5863
3731
7234
4758
6860
7248
3384
2213
194
6041
6014
7238
7076
4793
4082
3891
4490
7829
6185
7206
7262
684
6011
5235
4040
5070
3885
3692
6141
2899
3302
2686
2821
6175
7403
491
6873
2862
5081
5863
3933
6144
5705
5272
610
5896
5201
621
4030
3330
6101
6423
3442
5765
5169
5955
2774
2373
3925
4202
1565
4379
4909
6092
4683
4700
7324
6221
4288
7450
3180
4534
4508
6612
3166
3198
5337
8070
543
3443
1620
6517
4758
6221
530
7924
2324
5076
6220
4378
6891
4029
2224
4071
4362
7981
779
584
4184
6342
7954
1990
5811
7688
5823
7851
3863
7873
6029
3306
4124
3810
4534
6477
6014
7363
6182
2222
2616
1991
4023
4868
2716
6260
3149
4353
4233
6178
2892
4669
3987
1278
3927
1749
4274
3182
3193
2213
5980
7255
1829
7316
3317
7821
7134
4149
5182
6423
3198
5142
5980
4641
7506
7578
4748
3205
3844
5151
3929
6302
3816
1689
3962
7518
6272
8081
8031
1200
8117
6665
8137
8274
3968
5135
6108
5853
1859
4383
3623
3961
2169
4100
6489
7749
7656
5252
5004
3435
1750
1428
7344
2842
3237
8146
2296
3160
1687
4167
7225
5231
7862
6937
6512
7235
7562
4117
4492
3268
6960
6696
5980
3459
6418
6210
4679
4319
5434
8376
2951
8092
8334
4952
3017
7166
8650
3954
4887
5220
4147
1832
5183
7534
3312
7303
687
2284
7255
2001
7672
8092
5591
5887
3889
2203
3738
6600
5291
4450
5131
6036
2712
7313
2806
4544
7032
6148
5908
7663
4041
4269
8079
4665
5226
5969
8715
3459
7073
2817
5101
4641
8485
6831
2771
5087
1249
5188
5295
7860
1639
2692
5362
6007
4078
1800
6222
8070
7801
327
305
8155
2333
3473
6601
3211
1838
5514
5414
3138
5147
4504
8870
8033
8560
6473
2721
4952
1221
7224
2412
1281
3439
3207
3964
3399
4508
8650
4148
1234
4795
6477
5617
3238
6620
5233
4133
1237
2534
367
6210
4254
4030
8080
7815
5463
2271
5107
2886
8493
6342
8243
3691
6942
1127
3747
2794
8305
9126
7707
3036
6776
9017
6175
584
3802
6105
4535
8727
4400
8505
6517
2704
7907
5315
4757
6505
4827
4433
3983
3949
7230
3314
2170
6344
3712
1813
8181
8023
7379
6022
2700
1746
4543
5627
6095
3775
3891
8987
3204
7663
9017
8915
7150
5621
4063
5821
4725
4079
4119
3793
5234
3493
6011
6545
2367
4352
3391
8117
7227
3482
3994
6364
6230
3831
3919
8835
7222
4436
6595
7784
4954
6007
4064
3414
6245
8114
684
4934
4214
3074
6117
9147
8032
3199
7401
2832
7428
2824
2877
2310
8301
2097
7686
3742
7379
9225
2443
2201
5435
9208
3356
3835
7737
5626
3646
9499
6549
8211
2674
8684
5814
2659
3399
4703
1432
7774
3462
7915
7969
8789
2241
2737
8011
4674
3290
6421
4490
4685
5961
7248
6781
8563
1998
9419
6045
5769
6646
2790
3933
7885
2832
7954
4442
4630
7098
1862
6081
3315
3304
7608
8074
3964
8112
9638
7386
8226
4762
2615
7791
4123
9085
6272
587
4090
6469
4211
8168
9597
3950
3810
8213
6560
9406
4593
7230
5824
1875
5285
6868
3414
2653
3774
7816
9542
8658
9528
4816
2443
1570
2967
8307
8661
2972
9278
4696
1888
3462
2828
4270
3694
5151
6179
3981
4129
3963
9434
5493
5978
4490
4723
2815
7636
7641
7912
9236
7310
10153
4690
5996
4256
7321
8857
8604
3420
6529
8358
4206
4327
3739
7995
6238
2373
3249
6850
6441
8966
9253
1971
3361
6201
9014
3960
3758
4665
10416
10277
4884
2494
7956
8392
6662
8101
6339
7514
8228
9558
5570
8887
8168
3251
7115
6002
3376
4731
3391
8232
9198
4267
8091
7402
7953
7860
4315
9156
6669
3814
5931
7801
8081
615
8092
9765
4166
4027
7876
6556
9555
3844
8387
6560
2965
8937
2295
9069
9423
9243
9504
6199
5234
1734
10813
7124
2709
1214
7931
3898
2669
3837
8543
9270
6171
3687
2225
2926
8769
6689
8358
7339
3427
11096
9009
3737
3951
7421
3987
3642
2891
5850
5141
2157
8505
3982
4978
3198
5492
6075
8870
3098
6247
6544
1207
6075
9034
4650
3744
6897
6798
10156
3303
4021
6816
5823
1804
9426
6311
9546
9901
1200
6476
8907
3940
1926
2018
11224
8657
6217
5621
8928
3740
2874
7335
9433
7994
7460
8855
6081
3401
9443
2442
8991
4748
4242
2296
5153
8725
8493
2778
5171
8853
2931
3888
6344
6070
4017
2640
8115
6260
8785
1782
1743
7216
575
9600
11308
8743
6857
5097
9476
11096
6574
1656
7986
2693
4451
7358
9752
3844
9427
3239
6068
4684
8209
3289
7918
3683
3082
9404
7422
2088
6014
7815
9456
8337
8009
4535
1875
7073
9822
6282
4446
10946
9704
7489
8245
9313
5615
8010
4137
4183
7324
4708
11492
4176
5252
8959
1766
4040
11115
6282
11385
8597
9012
8702
5174
3693
8803
3742
4263
6574
7346
7458
8305
8590
4754
3806
4058
6512
11456
7515
9689
6828
1859
5931
2199
7844
9432
3682
1931
6987
4383
2361
5659
8221
7917
9409
5981
3249
3970
7651
6754
4729
1380
6421
2860
8616
2291
2114
4310
5167
6272
3956
4035
4851
7389
7582
3361
6201
4201
3820
11061
5098
1405
3508
6408
2693
1132
960
6645
1405
6172
6636
9960
3361
6737
8251
11127
10817
2324
11358
5460
4578
2065
11053
6067
11578
6179
11654
3845
4416
11375
11315
6172
2288
10790
3817
6646
7072
2018
10942
11143
2282
3017
3297
9897
1866
4648
5364
7523
8843
7668
2815
2938
4827
4365
3884
11724
1931
627
10419
4201
6352
11096
5154
1476
8883
4225
3475
7891
11823
6078
11955
4534
5463
10423
5287
11383
9817
4690
9061
3391
8892
11436
1680
7525
3962
8453
5004
11315
3648
11933
9476
11118
9941
3975
4119
9411
4362
6189
6584
8847
1767
6218
8324
7467
4161
7765
6437
8727
2002
5461
7967
8833
3438
9852
6028
7657
2202
2444
6220
7828
2933
8300
5623
11772
11610
10241
6477
2277
3363
9098
7148
3213
8429
4275
11996
2534
1975
7767
9166
6367
6344
11900
11060
11202
12036
2831
10894
1931
3985
2382
9244
4147
11751
8011
7079
11760
6878
11255
4174
7498
9844
5134
9379
5878
2090
6645
11374
6358
9808
11421
11099
1249
4050
7075
4433
6899
8232
9919
11574
12179
4209
9525
3396
4868
4167
5986
8156
8083
11161
7712
10163
1800
6529
11133
3245
6855
6883
9731
4049
1973
7293
9898
6273
11304
2320
3752
5937
2288
3326
2973
8154
4724
9813
5372
7869
8116
12083
10418
6880
10095
3419
3344
11082
7711
12204
6942
4303
11790
9651
9706
6279
10546
1767
5334
8975
2391
5496
5926
3956
11260
7019
8190
7946
12441
7099
7653
2199
9870
10995
6007
4058
8789
11917
9706
7593
11965
3763
8044
6954
3318
4886
8944
9389
3362
4236
4076
4153
12076
9742
1668
9598
7368
12249
4879
2681
7212
10890
2681
5221
7143
5957
6479
4048
7516
2679
2088
11984
5107
11015
2224
5327
3317
11875
6571
12468
12067
9369
11954
2434
6116
1829
8074
3749
6351
6516
1620
6175
5142
4422
6541
4784
3201
11306
2102
8023
5153
9011
7471
11409
3216
12535
4058
9688
5010
6469
12252
4541
4121
6154
9730
4131
3911
5970
3180
978
7782
7909
9250
4589
6976
6781
7830
8600
6454
2771
11822
12583
1620
9383
12546
7029
4863
2964
665
9318
7509
11502
5220
8853
12747
3503
11955
6007
12521
6547
2794
4267
1734
12648
2274
6635
11236
7100
12231
4719
4233
9369
9320
5979
2886
8019
12712
10696
6061
4263
9849
10916
7358
12378
4652
9422
4280
9476
3251
6635
11580
12397
6243
11065
2143
4865
12171
12679
3971
11574
11649
4335
10237
7477
3290
2233
2295
8886
11435
8890
12803
6117
11441
9714
3503
1850
2440
11068
3859
4557
11824
7799
12159
5169
12689
5836
6560
5961
5705
3704
3324
11030
9431
3188
4094
12583
4548
4268
12227
6917
2434
10948
4473
1978
6603
9185
8152
6216
3115
12659
9524
11514
3387
7982
9287
7257
7244
12809
8900
4019
8833
7250
12618
6232
7384
8697
12494
12388
3981
12008
4954
3745
2588
6232
9765
11706
11746
6625
12567
8681
3984
9271
12035
5570
5823
9981
7992
6302
4125
2177
4165
4887
11611
3313
6127
8340
3732
2030
8132
11864
6140
8886
2657
2047
6645
4158
5683
11328
2241
12174
9438
4400
4455
4460
6875
4576
1048
7387
10959
5378
575
9706
12147
12366
12274
9526
6816
12463
7905
6544
6017
5054
860
4535
7699
6104
11638
7820
7382
11755
8392
10286
12546
6610
2751
3303
12636
13097
3288
3658
12688
2000
5270
8188
4178
4141
4133
1623
8010
10943
12786
9147
5967
6688
7387
2274
9827
13057
6264
3187
4868
3916
7404
6524
4056
7304
13183
9319
12777
5400
3808
2382
11464
5598
12168
1859
9126
6976
9240
9753
12911
11085
2706
8860
5186
2205
4098
5430
11233
8358
7376
12261
7958
2891
10377
4023
4184
4112
7917
8616
6831
4492
12037
5977
12081
1373
6221
667
7650
11816
11682
9005
8314
8500
11727
9529
9094
13662
10703
6554
6554
11112
5132
4160
6428
11596
9140
9185
7588
9069
13759
6220
7182
6280
7460
11567
12693
3324
11715
5970
13402
860
8616
13814
2169
11358
10910
3981
8649
8975
5731
7304
5201
6871
5946
9054
7189
8152
1782
3229
3138
4381
6522
13292
8421
9753
10497
13363
10946
11094
6230
9432
10628
9524
2831
7368
7126
10262
11174
7482
9811
11153
3397
7720
2284
12578
3211
2515
7832
8218
6002
7115
583
11703
13086
1990
9170
8118
5117
2169
3971
4879
12462
3925
5908
3387
3689
13172
3251
12093
12565
8151
2892
9797
4270
2773
7638
6217
4758
14046
2980
1796
5879
11808
2320
13397
12037
3687
8655
11057
6584
12561
5
